1:
1 2 3 4 5 6 7 8 9 
4 5 6 7 8 9 1 2 3 
7 8 9 1 2 3 4 5 6 
2 1 4 3 6 5 8 9 7 
3 6 5 8 9 7 2 1 4 
8 9 7 2 1 4 3 6 5 
5 3 1 6 4 2 9 7 8 
6 4 2 9 7 8 5 3 1 
9 7 8 5 3 1 6 4 2 

2:
1 2 3 4 5 6 7 8 9 
4 5 6 7 8 9 1 2 3 
7 8 9 1 2 3 4 5 6 
2 1 4 3 6 5 8 9 7 
3 6 5 8 9 7 2 1 4 
8 9 7 2 1 4 3 6 5 
5 3 1 6 4 2 9 7 8 
6 4 8 9 7 1 5 3 2 
9 7 2 5 3 8 6 4 1 

3:
1 2 3 4 5 6 7 8 9 
4 5 6 7 8 9 1 2 3 
7 8 9 1 2 3 4 5 6 
2 1 4 3 6 5 8 9 7 
3 6 5 8 9 7 2 1 4 
8 9 7 2 1 4 3 6 5 
5 3 1 6 4 2 9 7 8 
6 7 2 9 3 8 5 4 1 
9 4 8 5 7 1 6 3 2 

4:
1 2 3 4 5 6 7 8 9 
4 5 6 7 8 9 1 2 3 
7 8 9 1 2 3 4 5 6 
2 1 4 3 6 5 8 9 7 
3 6 5 8 9 7 2 1 4 
8 9 7 2 1 4 3 6 5 
5 3 1 6 4 2 9 7 8 
6 7 8 9 3 1 5 4 2 
9 4 2 5 7 8 6 3 1 

5:
1 2 3 4 5 6 7 8 9 
4 5 6 7 8 9 1 2 3 
7 8 9 1 2 3 4 5 6 
2 1 4 3 6 5 8 9 7 
3 6 5 8 9 7 2 1 4 
8 9 7 2 1 4 3 6 5 
5 3 1 6 4 2 9 7 8 
9 4 2 5 7 8 6 3 1 
6 7 8 9 3 1 5 4 2 

6:
1 2 3 4 5 6 7 8 9 
4 5 6 7 8 9 1 2 3 
7 8 9 1 2 3 4 5 6 
2 1 4 3 6 5 8 9 7 
3 6 5 8 9 7 2 1 4 
8 9 7 2 1 4 3 6 5 
5 3 1 6 4 2 9 7 8 
9 4 8 5 7 1 6 3 2 
6 7 2 9 3 8 5 4 1 

7:
1 2 3 4 5 6 7 8 9 
4 5 6 7 8 9 1 2 3 
7 8 9 1 2 3 4 5 6 
2 1 4 3 6 5 8 9 7 
3 6 5 8 9 7 2 1 4 
8 9 7 2 1 4 3 6 5 
5 3 1 6 4 2 9 7 8 
9 7 2 5 3 8 6 4 1 
6 4 8 9 7 1 5 3 2 

8:
1 2 3 4 5 6 7 8 9 
4 5 6 7 8 9 1 2 3 
7 8 9 1 2 3 4 5 6 
2 1 4 3 6 5 8 9 7 
3 6 5 8 9 7 2 1 4 
8 9 7 2 1 4 3 6 5 
5 3 1 6 4 2 9 7 8 
9 7 8 5 3 1 6 4 2 
6 4 2 9 7 8 5 3 1 

9:
1 2 3 4 5 6 7 8 9 
4 5 6 7 8 9 1 2 3 
7 8 9 1 2 3 4 5 6 
2 1 4 3 6 5 8 9 7 
3 6 5 8 9 7 2 1 4 
8 9 7 2 1 4 3 6 5 
5 3 1 6 4 8 9 7 2 
6 4 2 9 7 1 5 3 8 
9 7 8 5 3 2 6 4 1 

10:
1 2 3 4 5 6 7 8 9 
4 5 6 7 8 9 1 2 3 
7 8 9 1 2 3 4 5 6 
2 1 4 3 6 5 8 9 7 
3 6 5 8 9 7 2 1 4 
8 9 7 2 1 4 3 6 5 
5 3 1 6 4 8 9 7 2 
6 4 8 9 7 2 5 3 1 
9 7 2 5 3 1 6 4 8 

11:
1 2 3 4 5 6 7 8 9 
4 5 6 7 8 9 1 2 3 
7 8 9 1 2 3 4 5 6 
2 1 4 3 6 5 8 9 7 
3 6 5 8 9 7 2 1 4 
8 9 7 2 1 4 3 6 5 
5 3 1 6 4 8 9 7 2 
6 7 2 9 3 1 5 4 8 
9 4 8 5 7 2 6 3 1 

12:
1 2 3 4 5 6 7 8 9 
4 5 6 7 8 9 1 2 3 
7 8 9 1 2 3 4 5 6 
2 1 4 3 6 5 8 9 7 
3 6 5 8 9 7 2 1 4 
8 9 7 2 1 4 3 6 5 
5 3 1 6 4 8 9 7 2 
6 7 8 9 3 2 5 4 1 
9 4 2 5 7 1 6 3 8 

13:
1 2 3 4 5 6 7 8 9 
4 5 6 7 8 9 1 2 3 
7 8 9 1 2 3 4 5 6 
2 1 4 3 6 5 8 9 7 
3 6 5 8 9 7 2 1 4 
8 9 7 2 1 4 3 6 5 
5 3 1 6 4 8 9 7 2 
9 4 2 5 7 1 6 3 8 
6 7 8 9 3 2 5 4 1 

14:
1 2 3 4 5 6 7 8 9 
4 5 6 7 8 9 1 2 3 
7 8 9 1 2 3 4 5 6 
2 1 4 3 6 5 8 9 7 
3 6 5 8 9 7 2 1 4 
8 9 7 2 1 4 3 6 5 
5 3 1 6 4 8 9 7 2 
9 4 8 5 7 2 6 3 1 
6 7 2 9 3 1 5 4 8 

15:
1 2 3 4 5 6 7 8 9 
4 5 6 7 8 9 1 2 3 
7 8 9 1 2 3 4 5 6 
2 1 4 3 6 5 8 9 7 
3 6 5 8 9 7 2 1 4 
8 9 7 2 1 4 3 6 5 
5 3 1 6 4 8 9 7 2 
9 7 2 5 3 1 6 4 8 
6 4 8 9 7 2 5 3 1 

16:
1 2 3 4 5 6 7 8 9 
4 5 6 7 8 9 1 2 3 
7 8 9 1 2 3 4 5 6 
2 1 4 3 6 5 8 9 7 
3 6 5 8 9 7 2 1 4 
8 9 7 2 1 4 3 6 5 
5 3 1 6 4 8 9 7 2 
9 7 8 5 3 2 6 4 1 
6 4 2 9 7 1 5 3 8 

17:
1 2 3 4 5 6 7 8 9 
4 5 6 7 8 9 1 2 3 
7 8 9 1 2 3 4 5 6 
2 1 4 3 6 5 8 9 7 
3 6 5 8 9 7 2 1 4 
8 9 7 2 1 4 3 6 5 
5 3 1 6 7 2 9 4 8 
6 4 2 9 3 8 5 7 1 
9 7 8 5 4 1 6 3 2 

18:
1 2 3 4 5 6 7 8 9 
4 5 6 7 8 9 1 2 3 
7 8 9 1 2 3 4 5 6 
2 1 4 3 6 5 8 9 7 
3 6 5 8 9 7 2 1 4 
8 9 7 2 1 4 3 6 5 
5 3 1 6 7 2 9 4 8 
6 4 8 9 3 1 5 7 2 
9 7 2 5 4 8 6 3 1 

19:
1 2 3 4 5 6 7 8 9 
4 5 6 7 8 9 1 2 3 
7 8 9 1 2 3 4 5 6 
2 1 4 3 6 5 8 9 7 
3 6 5 8 9 7 2 1 4 
8 9 7 2 1 4 3 6 5 
5 3 1 6 7 2 9 4 8 
6 7 2 9 4 8 5 3 1 
9 4 8 5 3 1 6 7 2 

20:
1 2 3 4 5 6 7 8 9 
4 5 6 7 8 9 1 2 3 
7 8 9 1 2 3 4 5 6 
2 1 4 3 6 5 8 9 7 
3 6 5 8 9 7 2 1 4 
8 9 7 2 1 4 3 6 5 
5 3 1 6 7 2 9 4 8 
6 7 8 9 4 1 5 3 2 
9 4 2 5 3 8 6 7 1 

21:
1 2 3 4 5 6 7 8 9 
4 5 6 7 8 9 1 2 3 
7 8 9 1 2 3 4 5 6 
2 1 4 3 6 5 8 9 7 
3 6 5 8 9 7 2 1 4 
8 9 7 2 1 4 3 6 5 
5 3 1 6 7 2 9 4 8 
9 4 2 5 3 8 6 7 1 
6 7 8 9 4 1 5 3 2 

22:
1 2 3 4 5 6 7 8 9 
4 5 6 7 8 9 1 2 3 
7 8 9 1 2 3 4 5 6 
2 1 4 3 6 5 8 9 7 
3 6 5 8 9 7 2 1 4 
8 9 7 2 1 4 3 6 5 
5 3 1 6 7 2 9 4 8 
9 4 8 5 3 1 6 7 2 
6 7 2 9 4 8 5 3 1 

23:
1 2 3 4 5 6 7 8 9 
4 5 6 7 8 9 1 2 3 
7 8 9 1 2 3 4 5 6 
2 1 4 3 6 5 8 9 7 
3 6 5 8 9 7 2 1 4 
8 9 7 2 1 4 3 6 5 
5 3 1 6 7 2 9 4 8 
9 7 2 5 4 8 6 3 1 
6 4 8 9 3 1 5 7 2 

24:
1 2 3 4 5 6 7 8 9 
4 5 6 7 8 9 1 2 3 
7 8 9 1 2 3 4 5 6 
2 1 4 3 6 5 8 9 7 
3 6 5 8 9 7 2 1 4 
8 9 7 2 1 4 3 6 5 
5 3 1 6 7 2 9 4 8 
9 7 8 5 4 1 6 3 2 
6 4 2 9 3 8 5 7 1 

25:
1 2 3 4 5 6 7 8 9 
4 5 6 7 8 9 1 2 3 
7 8 9 1 2 3 4 5 6 
2 1 4 3 6 5 8 9 7 
3 6 5 8 9 7 2 1 4 
8 9 7 2 1 4 3 6 5 
5 3 1 6 7 8 9 4 2 
6 4 2 9 3 1 5 7 8 
9 7 8 5 4 2 6 3 1 

26:
1 2 3 4 5 6 7 8 9 
4 5 6 7 8 9 1 2 3 
7 8 9 1 2 3 4 5 6 
2 1 4 3 6 5 8 9 7 
3 6 5 8 9 7 2 1 4 
8 9 7 2 1 4 3 6 5 
5 3 1 6 7 8 9 4 2 
6 4 8 9 3 2 5 7 1 
9 7 2 5 4 1 6 3 8 

27:
1 2 3 4 5 6 7 8 9 
4 5 6 7 8 9 1 2 3 
7 8 9 1 2 3 4 5 6 
2 1 4 3 6 5 8 9 7 
3 6 5 8 9 7 2 1 4 
8 9 7 2 1 4 3 6 5 
5 3 1 6 7 8 9 4 2 
6 7 2 9 4 1 5 3 8 
9 4 8 5 3 2 6 7 1 

28:
1 2 3 4 5 6 7 8 9 
4 5 6 7 8 9 1 2 3 
7 8 9 1 2 3 4 5 6 
2 1 4 3 6 5 8 9 7 
3 6 5 8 9 7 2 1 4 
8 9 7 2 1 4 3 6 5 
5 3 1 6 7 8 9 4 2 
6 7 8 9 4 2 5 3 1 
9 4 2 5 3 1 6 7 8 

29:
1 2 3 4 5 6 7 8 9 
4 5 6 7 8 9 1 2 3 
7 8 9 1 2 3 4 5 6 
2 1 4 3 6 5 8 9 7 
3 6 5 8 9 7 2 1 4 
8 9 7 2 1 4 3 6 5 
5 3 1 6 7 8 9 4 2 
9 4 2 5 3 1 6 7 8 
6 7 8 9 4 2 5 3 1 

30:
1 2 3 4 5 6 7 8 9 
4 5 6 7 8 9 1 2 3 
7 8 9 1 2 3 4 5 6 
2 1 4 3 6 5 8 9 7 
3 6 5 8 9 7 2 1 4 
8 9 7 2 1 4 3 6 5 
5 3 1 6 7 8 9 4 2 
9 4 8 5 3 2 6 7 1 
6 7 2 9 4 1 5 3 8 

31:
1 2 3 4 5 6 7 8 9 
4 5 6 7 8 9 1 2 3 
7 8 9 1 2 3 4 5 6 
2 1 4 3 6 5 8 9 7 
3 6 5 8 9 7 2 1 4 
8 9 7 2 1 4 3 6 5 
5 3 1 6 7 8 9 4 2 
9 7 2 5 4 1 6 3 8 
6 4 8 9 3 2 5 7 1 

32:
1 2 3 4 5 6 7 8 9 
4 5 6 7 8 9 1 2 3 
7 8 9 1 2 3 4 5 6 
2 1 4 3 6 5 8 9 7 
3 6 5 8 9 7 2 1 4 
8 9 7 2 1 4 3 6 5 
5 3 1 6 7 8 9 4 2 
9 7 8 5 4 2 6 3 1 
6 4 2 9 3 1 5 7 8 

33:
1 2 3 4 5 6 7 8 9 
4 5 6 7 8 9 1 2 3 
7 8 9 1 2 3 4 5 6 
2 1 4 3 6 5 8 9 7 
3 6 5 8 9 7 2 1 4 
8 9 7 2 1 4 3 6 5 
5 3 1 9 4 2 6 7 8 
6 4 2 5 7 8 9 3 1 
9 7 8 6 3 1 5 4 2 

34:
1 2 3 4 5 6 7 8 9 
4 5 6 7 8 9 1 2 3 
7 8 9 1 2 3 4 5 6 
2 1 4 3 6 5 8 9 7 
3 6 5 8 9 7 2 1 4 
8 9 7 2 1 4 3 6 5 
5 3 1 9 4 2 6 7 8 
6 4 8 5 7 1 9 3 2 
9 7 2 6 3 8 5 4 1 

35:
1 2 3 4 5 6 7 8 9 
4 5 6 7 8 9 1 2 3 
7 8 9 1 2 3 4 5 6 
2 1 4 3 6 5 8 9 7 
3 6 5 8 9 7 2 1 4 
8 9 7 2 1 4 3 6 5 
5 3 1 9 4 2 6 7 8 
6 7 2 5 3 8 9 4 1 
9 4 8 6 7 1 5 3 2 

36:
1 2 3 4 5 6 7 8 9 
4 5 6 7 8 9 1 2 3 
7 8 9 1 2 3 4 5 6 
2 1 4 3 6 5 8 9 7 
3 6 5 8 9 7 2 1 4 
8 9 7 2 1 4 3 6 5 
5 3 1 9 4 2 6 7 8 
6 7 8 5 3 1 9 4 2 
9 4 2 6 7 8 5 3 1 

37:
1 2 3 4 5 6 7 8 9 
4 5 6 7 8 9 1 2 3 
7 8 9 1 2 3 4 5 6 
2 1 4 3 6 5 8 9 7 
3 6 5 8 9 7 2 1 4 
8 9 7 2 1 4 3 6 5 
5 3 1 9 4 2 6 7 8 
9 4 2 6 7 8 5 3 1 
6 7 8 5 3 1 9 4 2 

38:
1 2 3 4 5 6 7 8 9 
4 5 6 7 8 9 1 2 3 
7 8 9 1 2 3 4 5 6 
2 1 4 3 6 5 8 9 7 
3 6 5 8 9 7 2 1 4 
8 9 7 2 1 4 3 6 5 
5 3 1 9 4 2 6 7 8 
9 4 8 6 7 1 5 3 2 
6 7 2 5 3 8 9 4 1 

39:
1 2 3 4 5 6 7 8 9 
4 5 6 7 8 9 1 2 3 
7 8 9 1 2 3 4 5 6 
2 1 4 3 6 5 8 9 7 
3 6 5 8 9 7 2 1 4 
8 9 7 2 1 4 3 6 5 
5 3 1 9 4 2 6 7 8 
9 7 2 6 3 8 5 4 1 
6 4 8 5 7 1 9 3 2 

40:
1 2 3 4 5 6 7 8 9 
4 5 6 7 8 9 1 2 3 
7 8 9 1 2 3 4 5 6 
2 1 4 3 6 5 8 9 7 
3 6 5 8 9 7 2 1 4 
8 9 7 2 1 4 3 6 5 
5 3 1 9 4 2 6 7 8 
9 7 8 6 3 1 5 4 2 
6 4 2 5 7 8 9 3 1 

41:
1 2 3 4 5 6 7 8 9 
4 5 6 7 8 9 1 2 3 
7 8 9 1 2 3 4 5 6 
2 1 4 3 6 5 8 9 7 
3 6 5 8 9 7 2 1 4 
8 9 7 2 1 4 3 6 5 
5 3 1 9 4 8 6 7 2 
6 4 2 5 7 1 9 3 8 
9 7 8 6 3 2 5 4 1 

42:
1 2 3 4 5 6 7 8 9 
4 5 6 7 8 9 1 2 3 
7 8 9 1 2 3 4 5 6 
2 1 4 3 6 5 8 9 7 
3 6 5 8 9 7 2 1 4 
8 9 7 2 1 4 3 6 5 
5 3 1 9 4 8 6 7 2 
6 4 8 5 7 2 9 3 1 
9 7 2 6 3 1 5 4 8 

43:
1 2 3 4 5 6 7 8 9 
4 5 6 7 8 9 1 2 3 
7 8 9 1 2 3 4 5 6 
2 1 4 3 6 5 8 9 7 
3 6 5 8 9 7 2 1 4 
8 9 7 2 1 4 3 6 5 
5 3 1 9 4 8 6 7 2 
6 7 2 5 3 1 9 4 8 
9 4 8 6 7 2 5 3 1 

44:
1 2 3 4 5 6 7 8 9 
4 5 6 7 8 9 1 2 3 
7 8 9 1 2 3 4 5 6 
2 1 4 3 6 5 8 9 7 
3 6 5 8 9 7 2 1 4 
8 9 7 2 1 4 3 6 5 
5 3 1 9 4 8 6 7 2 
6 7 8 5 3 2 9 4 1 
9 4 2 6 7 1 5 3 8 

45:
1 2 3 4 5 6 7 8 9 
4 5 6 7 8 9 1 2 3 
7 8 9 1 2 3 4 5 6 
2 1 4 3 6 5 8 9 7 
3 6 5 8 9 7 2 1 4 
8 9 7 2 1 4 3 6 5 
5 3 1 9 4 8 6 7 2 
9 4 2 6 7 1 5 3 8 
6 7 8 5 3 2 9 4 1 

46:
1 2 3 4 5 6 7 8 9 
4 5 6 7 8 9 1 2 3 
7 8 9 1 2 3 4 5 6 
2 1 4 3 6 5 8 9 7 
3 6 5 8 9 7 2 1 4 
8 9 7 2 1 4 3 6 5 
5 3 1 9 4 8 6 7 2 
9 4 8 6 7 2 5 3 1 
6 7 2 5 3 1 9 4 8 

47:
1 2 3 4 5 6 7 8 9 
4 5 6 7 8 9 1 2 3 
7 8 9 1 2 3 4 5 6 
2 1 4 3 6 5 8 9 7 
3 6 5 8 9 7 2 1 4 
8 9 7 2 1 4 3 6 5 
5 3 1 9 4 8 6 7 2 
9 7 2 6 3 1 5 4 8 
6 4 8 5 7 2 9 3 1 

48:
1 2 3 4 5 6 7 8 9 
4 5 6 7 8 9 1 2 3 
7 8 9 1 2 3 4 5 6 
2 1 4 3 6 5 8 9 7 
3 6 5 8 9 7 2 1 4 
8 9 7 2 1 4 3 6 5 
5 3 1 9 4 8 6 7 2 
9 7 8 6 3 2 5 4 1 
6 4 2 5 7 1 9 3 8 

49:
1 2 3 4 5 6 7 8 9 
4 5 6 7 8 9 1 2 3 
7 8 9 1 2 3 4 5 6 
2 1 4 3 6 5 8 9 7 
3 6 5 8 9 7 2 1 4 
8 9 7 2 1 4 3 6 5 
5 3 1 9 7 2 6 4 8 
6 4 2 5 3 8 9 7 1 
9 7 8 6 4 1 5 3 2 

50:
1 2 3 4 5 6 7 8 9 
4 5 6 7 8 9 1 2 3 
7 8 9 1 2 3 4 5 6 
2 1 4 3 6 5 8 9 7 
3 6 5 8 9 7 2 1 4 
8 9 7 2 1 4 3 6 5 
5 3 1 9 7 2 6 4 8 
6 4 8 5 3 1 9 7 2 
9 7 2 6 4 8 5 3 1 

51:
1 2 3 4 5 6 7 8 9 
4 5 6 7 8 9 1 2 3 
7 8 9 1 2 3 4 5 6 
2 1 4 3 6 5 8 9 7 
3 6 5 8 9 7 2 1 4 
8 9 7 2 1 4 3 6 5 
5 3 1 9 7 2 6 4 8 
6 7 2 5 4 8 9 3 1 
9 4 8 6 3 1 5 7 2 

52:
1 2 3 4 5 6 7 8 9 
4 5 6 7 8 9 1 2 3 
7 8 9 1 2 3 4 5 6 
2 1 4 3 6 5 8 9 7 
3 6 5 8 9 7 2 1 4 
8 9 7 2 1 4 3 6 5 
5 3 1 9 7 2 6 4 8 
6 7 8 5 4 1 9 3 2 
9 4 2 6 3 8 5 7 1 

53:
1 2 3 4 5 6 7 8 9 
4 5 6 7 8 9 1 2 3 
7 8 9 1 2 3 4 5 6 
2 1 4 3 6 5 8 9 7 
3 6 5 8 9 7 2 1 4 
8 9 7 2 1 4 3 6 5 
5 3 1 9 7 2 6 4 8 
9 4 2 6 3 8 5 7 1 
6 7 8 5 4 1 9 3 2 

54:
1 2 3 4 5 6 7 8 9 
4 5 6 7 8 9 1 2 3 
7 8 9 1 2 3 4 5 6 
2 1 4 3 6 5 8 9 7 
3 6 5 8 9 7 2 1 4 
8 9 7 2 1 4 3 6 5 
5 3 1 9 7 2 6 4 8 
9 4 8 6 3 1 5 7 2 
6 7 2 5 4 8 9 3 1 

55:
1 2 3 4 5 6 7 8 9 
4 5 6 7 8 9 1 2 3 
7 8 9 1 2 3 4 5 6 
2 1 4 3 6 5 8 9 7 
3 6 5 8 9 7 2 1 4 
8 9 7 2 1 4 3 6 5 
5 3 1 9 7 2 6 4 8 
9 7 2 6 4 8 5 3 1 
6 4 8 5 3 1 9 7 2 

56:
1 2 3 4 5 6 7 8 9 
4 5 6 7 8 9 1 2 3 
7 8 9 1 2 3 4 5 6 
2 1 4 3 6 5 8 9 7 
3 6 5 8 9 7 2 1 4 
8 9 7 2 1 4 3 6 5 
5 3 1 9 7 2 6 4 8 
9 7 8 6 4 1 5 3 2 
6 4 2 5 3 8 9 7 1 

57:
1 2 3 4 5 6 7 8 9 
4 5 6 7 8 9 1 2 3 
7 8 9 1 2 3 4 5 6 
2 1 4 3 6 5 8 9 7 
3 6 5 8 9 7 2 1 4 
8 9 7 2 1 4 3 6 5 
5 3 1 9 7 8 6 4 2 
6 4 2 5 3 1 9 7 8 
9 7 8 6 4 2 5 3 1 

58:
1 2 3 4 5 6 7 8 9 
4 5 6 7 8 9 1 2 3 
7 8 9 1 2 3 4 5 6 
2 1 4 3 6 5 8 9 7 
3 6 5 8 9 7 2 1 4 
8 9 7 2 1 4 3 6 5 
5 3 1 9 7 8 6 4 2 
6 4 8 5 3 2 9 7 1 
9 7 2 6 4 1 5 3 8 

59:
1 2 3 4 5 6 7 8 9 
4 5 6 7 8 9 1 2 3 
7 8 9 1 2 3 4 5 6 
2 1 4 3 6 5 8 9 7 
3 6 5 8 9 7 2 1 4 
8 9 7 2 1 4 3 6 5 
5 3 1 9 7 8 6 4 2 
6 7 2 5 4 1 9 3 8 
9 4 8 6 3 2 5 7 1 

60:
1 2 3 4 5 6 7 8 9 
4 5 6 7 8 9 1 2 3 
7 8 9 1 2 3 4 5 6 
2 1 4 3 6 5 8 9 7 
3 6 5 8 9 7 2 1 4 
8 9 7 2 1 4 3 6 5 
5 3 1 9 7 8 6 4 2 
6 7 8 5 4 2 9 3 1 
9 4 2 6 3 1 5 7 8 

61:
1 2 3 4 5 6 7 8 9 
4 5 6 7 8 9 1 2 3 
7 8 9 1 2 3 4 5 6 
2 1 4 3 6 5 8 9 7 
3 6 5 8 9 7 2 1 4 
8 9 7 2 1 4 3 6 5 
5 3 1 9 7 8 6 4 2 
9 4 2 6 3 1 5 7 8 
6 7 8 5 4 2 9 3 1 

62:
1 2 3 4 5 6 7 8 9 
4 5 6 7 8 9 1 2 3 
7 8 9 1 2 3 4 5 6 
2 1 4 3 6 5 8 9 7 
3 6 5 8 9 7 2 1 4 
8 9 7 2 1 4 3 6 5 
5 3 1 9 7 8 6 4 2 
9 4 8 6 3 2 5 7 1 
6 7 2 5 4 1 9 3 8 

63:
1 2 3 4 5 6 7 8 9 
4 5 6 7 8 9 1 2 3 
7 8 9 1 2 3 4 5 6 
2 1 4 3 6 5 8 9 7 
3 6 5 8 9 7 2 1 4 
8 9 7 2 1 4 3 6 5 
5 3 1 9 7 8 6 4 2 
9 7 2 6 4 1 5 3 8 
6 4 8 5 3 2 9 7 1 

64:
1 2 3 4 5 6 7 8 9 
4 5 6 7 8 9 1 2 3 
7 8 9 1 2 3 4 5 6 
2 1 4 3 6 5 8 9 7 
3 6 5 8 9 7 2 1 4 
8 9 7 2 1 4 3 6 5 
5 3 1 9 7 8 6 4 2 
9 7 8 6 4 2 5 3 1 
6 4 2 5 3 1 9 7 8 

65:
1 2 3 4 5 6 7 8 9 
4 5 6 7 8 9 1 2 3 
7 8 9 1 2 3 4 5 6 
2 1 4 3 6 5 8 9 7 
3 6 5 8 9 7 2 1 4 
8 9 7 2 1 4 3 6 5 
5 3 2 6 4 1 9 7 8 
6 4 1 9 7 8 5 3 2 
9 7 8 5 3 2 6 4 1 

66:
1 2 3 4 5 6 7 8 9 
4 5 6 7 8 9 1 2 3 
7 8 9 1 2 3 4 5 6 
2 1 4 3 6 5 8 9 7 
3 6 5 8 9 7 2 1 4 
8 9 7 2 1 4 3 6 5 
5 3 2 6 4 1 9 7 8 
6 4 8 9 7 2 5 3 1 
9 7 1 5 3 8 6 4 2 

67:
1 2 3 4 5 6 7 8 9 
4 5 6 7 8 9 1 2 3 
7 8 9 1 2 3 4 5 6 
2 1 4 3 6 5 8 9 7 
3 6 5 8 9 7 2 1 4 
8 9 7 2 1 4 3 6 5 
5 3 2 6 4 1 9 7 8 
6 7 1 9 3 8 5 4 2 
9 4 8 5 7 2 6 3 1 

68:
1 2 3 4 5 6 7 8 9 
4 5 6 7 8 9 1 2 3 
7 8 9 1 2 3 4 5 6 
2 1 4 3 6 5 8 9 7 
3 6 5 8 9 7 2 1 4 
8 9 7 2 1 4 3 6 5 
5 3 2 6 4 1 9 7 8 
6 7 8 9 3 2 5 4 1 
9 4 1 5 7 8 6 3 2 

69:
1 2 3 4 5 6 7 8 9 
4 5 6 7 8 9 1 2 3 
7 8 9 1 2 3 4 5 6 
2 1 4 3 6 5 8 9 7 
3 6 5 8 9 7 2 1 4 
8 9 7 2 1 4 3 6 5 
5 3 2 6 4 1 9 7 8 
9 4 1 5 7 8 6 3 2 
6 7 8 9 3 2 5 4 1 

70:
1 2 3 4 5 6 7 8 9 
4 5 6 7 8 9 1 2 3 
7 8 9 1 2 3 4 5 6 
2 1 4 3 6 5 8 9 7 
3 6 5 8 9 7 2 1 4 
8 9 7 2 1 4 3 6 5 
5 3 2 6 4 1 9 7 8 
9 4 8 5 7 2 6 3 1 
6 7 1 9 3 8 5 4 2 

71:
1 2 3 4 5 6 7 8 9 
4 5 6 7 8 9 1 2 3 
7 8 9 1 2 3 4 5 6 
2 1 4 3 6 5 8 9 7 
3 6 5 8 9 7 2 1 4 
8 9 7 2 1 4 3 6 5 
5 3 2 6 4 1 9 7 8 
9 7 1 5 3 8 6 4 2 
6 4 8 9 7 2 5 3 1 

72:
1 2 3 4 5 6 7 8 9 
4 5 6 7 8 9 1 2 3 
7 8 9 1 2 3 4 5 6 
2 1 4 3 6 5 8 9 7 
3 6 5 8 9 7 2 1 4 
8 9 7 2 1 4 3 6 5 
5 3 2 6 4 1 9 7 8 
9 7 8 5 3 2 6 4 1 
6 4 1 9 7 8 5 3 2 

73:
1 2 3 4 5 6 7 8 9 
4 5 6 7 8 9 1 2 3 
7 8 9 1 2 3 4 5 6 
2 1 4 3 6 5 8 9 7 
3 6 5 8 9 7 2 1 4 
8 9 7 2 1 4 3 6 5 
5 3 2 6 4 8 9 7 1 
6 4 1 9 7 2 5 3 8 
9 7 8 5 3 1 6 4 2 

74:
1 2 3 4 5 6 7 8 9 
4 5 6 7 8 9 1 2 3 
7 8 9 1 2 3 4 5 6 
2 1 4 3 6 5 8 9 7 
3 6 5 8 9 7 2 1 4 
8 9 7 2 1 4 3 6 5 
5 3 2 6 4 8 9 7 1 
6 4 8 9 7 1 5 3 2 
9 7 1 5 3 2 6 4 8 

75:
1 2 3 4 5 6 7 8 9 
4 5 6 7 8 9 1 2 3 
7 8 9 1 2 3 4 5 6 
2 1 4 3 6 5 8 9 7 
3 6 5 8 9 7 2 1 4 
8 9 7 2 1 4 3 6 5 
5 3 2 6 4 8 9 7 1 
6 7 1 9 3 2 5 4 8 
9 4 8 5 7 1 6 3 2 

76:
1 2 3 4 5 6 7 8 9 
4 5 6 7 8 9 1 2 3 
7 8 9 1 2 3 4 5 6 
2 1 4 3 6 5 8 9 7 
3 6 5 8 9 7 2 1 4 
8 9 7 2 1 4 3 6 5 
5 3 2 6 4 8 9 7 1 
6 7 8 9 3 1 5 4 2 
9 4 1 5 7 2 6 3 8 

77:
1 2 3 4 5 6 7 8 9 
4 5 6 7 8 9 1 2 3 
7 8 9 1 2 3 4 5 6 
2 1 4 3 6 5 8 9 7 
3 6 5 8 9 7 2 1 4 
8 9 7 2 1 4 3 6 5 
5 3 2 6 4 8 9 7 1 
9 4 1 5 7 2 6 3 8 
6 7 8 9 3 1 5 4 2 

78:
1 2 3 4 5 6 7 8 9 
4 5 6 7 8 9 1 2 3 
7 8 9 1 2 3 4 5 6 
2 1 4 3 6 5 8 9 7 
3 6 5 8 9 7 2 1 4 
8 9 7 2 1 4 3 6 5 
5 3 2 6 4 8 9 7 1 
9 4 8 5 7 1 6 3 2 
6 7 1 9 3 2 5 4 8 

79:
1 2 3 4 5 6 7 8 9 
4 5 6 7 8 9 1 2 3 
7 8 9 1 2 3 4 5 6 
2 1 4 3 6 5 8 9 7 
3 6 5 8 9 7 2 1 4 
8 9 7 2 1 4 3 6 5 
5 3 2 6 4 8 9 7 1 
9 7 1 5 3 2 6 4 8 
6 4 8 9 7 1 5 3 2 

80:
1 2 3 4 5 6 7 8 9 
4 5 6 7 8 9 1 2 3 
7 8 9 1 2 3 4 5 6 
2 1 4 3 6 5 8 9 7 
3 6 5 8 9 7 2 1 4 
8 9 7 2 1 4 3 6 5 
5 3 2 6 4 8 9 7 1 
9 7 8 5 3 1 6 4 2 
6 4 1 9 7 2 5 3 8 

81:
1 2 3 4 5 6 7 8 9 
4 5 6 7 8 9 1 2 3 
7 8 9 1 2 3 4 5 6 
2 1 4 3 6 5 8 9 7 
3 6 5 8 9 7 2 1 4 
8 9 7 2 1 4 3 6 5 
5 3 2 6 7 1 9 4 8 
6 4 1 9 3 8 5 7 2 
9 7 8 5 4 2 6 3 1 

82:
1 2 3 4 5 6 7 8 9 
4 5 6 7 8 9 1 2 3 
7 8 9 1 2 3 4 5 6 
2 1 4 3 6 5 8 9 7 
3 6 5 8 9 7 2 1 4 
8 9 7 2 1 4 3 6 5 
5 3 2 6 7 1 9 4 8 
6 4 8 9 3 2 5 7 1 
9 7 1 5 4 8 6 3 2 

83:
1 2 3 4 5 6 7 8 9 
4 5 6 7 8 9 1 2 3 
7 8 9 1 2 3 4 5 6 
2 1 4 3 6 5 8 9 7 
3 6 5 8 9 7 2 1 4 
8 9 7 2 1 4 3 6 5 
5 3 2 6 7 1 9 4 8 
6 7 1 9 4 8 5 3 2 
9 4 8 5 3 2 6 7 1 

84:
1 2 3 4 5 6 7 8 9 
4 5 6 7 8 9 1 2 3 
7 8 9 1 2 3 4 5 6 
2 1 4 3 6 5 8 9 7 
3 6 5 8 9 7 2 1 4 
8 9 7 2 1 4 3 6 5 
5 3 2 6 7 1 9 4 8 
6 7 8 9 4 2 5 3 1 
9 4 1 5 3 8 6 7 2 

85:
1 2 3 4 5 6 7 8 9 
4 5 6 7 8 9 1 2 3 
7 8 9 1 2 3 4 5 6 
2 1 4 3 6 5 8 9 7 
3 6 5 8 9 7 2 1 4 
8 9 7 2 1 4 3 6 5 
5 3 2 6 7 1 9 4 8 
9 4 1 5 3 8 6 7 2 
6 7 8 9 4 2 5 3 1 

86:
1 2 3 4 5 6 7 8 9 
4 5 6 7 8 9 1 2 3 
7 8 9 1 2 3 4 5 6 
2 1 4 3 6 5 8 9 7 
3 6 5 8 9 7 2 1 4 
8 9 7 2 1 4 3 6 5 
5 3 2 6 7 1 9 4 8 
9 4 8 5 3 2 6 7 1 
6 7 1 9 4 8 5 3 2 

87:
1 2 3 4 5 6 7 8 9 
4 5 6 7 8 9 1 2 3 
7 8 9 1 2 3 4 5 6 
2 1 4 3 6 5 8 9 7 
3 6 5 8 9 7 2 1 4 
8 9 7 2 1 4 3 6 5 
5 3 2 6 7 1 9 4 8 
9 7 1 5 4 8 6 3 2 
6 4 8 9 3 2 5 7 1 

88:
1 2 3 4 5 6 7 8 9 
4 5 6 7 8 9 1 2 3 
7 8 9 1 2 3 4 5 6 
2 1 4 3 6 5 8 9 7 
3 6 5 8 9 7 2 1 4 
8 9 7 2 1 4 3 6 5 
5 3 2 6 7 1 9 4 8 
9 7 8 5 4 2 6 3 1 
6 4 1 9 3 8 5 7 2 

89:
1 2 3 4 5 6 7 8 9 
4 5 6 7 8 9 1 2 3 
7 8 9 1 2 3 4 5 6 
2 1 4 3 6 5 8 9 7 
3 6 5 8 9 7 2 1 4 
8 9 7 2 1 4 3 6 5 
5 3 2 6 7 8 9 4 1 
6 4 1 9 3 2 5 7 8 
9 7 8 5 4 1 6 3 2 

90:
1 2 3 4 5 6 7 8 9 
4 5 6 7 8 9 1 2 3 
7 8 9 1 2 3 4 5 6 
2 1 4 3 6 5 8 9 7 
3 6 5 8 9 7 2 1 4 
8 9 7 2 1 4 3 6 5 
5 3 2 6 7 8 9 4 1 
6 4 8 9 3 1 5 7 2 
9 7 1 5 4 2 6 3 8 

91:
1 2 3 4 5 6 7 8 9 
4 5 6 7 8 9 1 2 3 
7 8 9 1 2 3 4 5 6 
2 1 4 3 6 5 8 9 7 
3 6 5 8 9 7 2 1 4 
8 9 7 2 1 4 3 6 5 
5 3 2 6 7 8 9 4 1 
6 7 1 9 4 2 5 3 8 
9 4 8 5 3 1 6 7 2 

92:
1 2 3 4 5 6 7 8 9 
4 5 6 7 8 9 1 2 3 
7 8 9 1 2 3 4 5 6 
2 1 4 3 6 5 8 9 7 
3 6 5 8 9 7 2 1 4 
8 9 7 2 1 4 3 6 5 
5 3 2 6 7 8 9 4 1 
6 7 8 9 4 1 5 3 2 
9 4 1 5 3 2 6 7 8 

93:
1 2 3 4 5 6 7 8 9 
4 5 6 7 8 9 1 2 3 
7 8 9 1 2 3 4 5 6 
2 1 4 3 6 5 8 9 7 
3 6 5 8 9 7 2 1 4 
8 9 7 2 1 4 3 6 5 
5 3 2 6 7 8 9 4 1 
9 4 1 5 3 2 6 7 8 
6 7 8 9 4 1 5 3 2 

94:
1 2 3 4 5 6 7 8 9 
4 5 6 7 8 9 1 2 3 
7 8 9 1 2 3 4 5 6 
2 1 4 3 6 5 8 9 7 
3 6 5 8 9 7 2 1 4 
8 9 7 2 1 4 3 6 5 
5 3 2 6 7 8 9 4 1 
9 4 8 5 3 1 6 7 2 
6 7 1 9 4 2 5 3 8 

95:
1 2 3 4 5 6 7 8 9 
4 5 6 7 8 9 1 2 3 
7 8 9 1 2 3 4 5 6 
2 1 4 3 6 5 8 9 7 
3 6 5 8 9 7 2 1 4 
8 9 7 2 1 4 3 6 5 
5 3 2 6 7 8 9 4 1 
9 7 1 5 4 2 6 3 8 
6 4 8 9 3 1 5 7 2 

96:
1 2 3 4 5 6 7 8 9 
4 5 6 7 8 9 1 2 3 
7 8 9 1 2 3 4 5 6 
2 1 4 3 6 5 8 9 7 
3 6 5 8 9 7 2 1 4 
8 9 7 2 1 4 3 6 5 
5 3 2 6 7 8 9 4 1 
9 7 8 5 4 1 6 3 2 
6 4 1 9 3 2 5 7 8 

97:
1 2 3 4 5 6 7 8 9 
4 5 6 7 8 9 1 2 3 
7 8 9 1 2 3 4 5 6 
2 1 4 3 6 5 8 9 7 
3 6 5 8 9 7 2 1 4 
8 9 7 2 1 4 3 6 5 
5 3 2 9 4 1 6 7 8 
6 4 1 5 7 8 9 3 2 
9 7 8 6 3 2 5 4 1 

98:
1 2 3 4 5 6 7 8 9 
4 5 6 7 8 9 1 2 3 
7 8 9 1 2 3 4 5 6 
2 1 4 3 6 5 8 9 7 
3 6 5 8 9 7 2 1 4 
8 9 7 2 1 4 3 6 5 
5 3 2 9 4 1 6 7 8 
6 4 8 5 7 2 9 3 1 
9 7 1 6 3 8 5 4 2 

99:
1 2 3 4 5 6 7 8 9 
4 5 6 7 8 9 1 2 3 
7 8 9 1 2 3 4 5 6 
2 1 4 3 6 5 8 9 7 
3 6 5 8 9 7 2 1 4 
8 9 7 2 1 4 3 6 5 
5 3 2 9 4 1 6 7 8 
6 7 1 5 3 8 9 4 2 
9 4 8 6 7 2 5 3 1 

100:
1 2 3 4 5 6 7 8 9 
4 5 6 7 8 9 1 2 3 
7 8 9 1 2 3 4 5 6 
2 1 4 3 6 5 8 9 7 
3 6 5 8 9 7 2 1 4 
8 9 7 2 1 4 3 6 5 
5 3 2 9 4 1 6 7 8 
6 7 8 5 3 2 9 4 1 
9 4 1 6 7 8 5 3 2 

101:
1 2 3 4 5 6 7 8 9 
4 5 6 7 8 9 1 2 3 
7 8 9 1 2 3 4 5 6 
2 1 4 3 6 5 8 9 7 
3 6 5 8 9 7 2 1 4 
8 9 7 2 1 4 3 6 5 
5 3 2 9 4 1 6 7 8 
9 4 1 6 7 8 5 3 2 
6 7 8 5 3 2 9 4 1 

102:
1 2 3 4 5 6 7 8 9 
4 5 6 7 8 9 1 2 3 
7 8 9 1 2 3 4 5 6 
2 1 4 3 6 5 8 9 7 
3 6 5 8 9 7 2 1 4 
8 9 7 2 1 4 3 6 5 
5 3 2 9 4 1 6 7 8 
9 4 8 6 7 2 5 3 1 
6 7 1 5 3 8 9 4 2 

103:
1 2 3 4 5 6 7 8 9 
4 5 6 7 8 9 1 2 3 
7 8 9 1 2 3 4 5 6 
2 1 4 3 6 5 8 9 7 
3 6 5 8 9 7 2 1 4 
8 9 7 2 1 4 3 6 5 
5 3 2 9 4 1 6 7 8 
9 7 1 6 3 8 5 4 2 
6 4 8 5 7 2 9 3 1 

104:
1 2 3 4 5 6 7 8 9 
4 5 6 7 8 9 1 2 3 
7 8 9 1 2 3 4 5 6 
2 1 4 3 6 5 8 9 7 
3 6 5 8 9 7 2 1 4 
8 9 7 2 1 4 3 6 5 
5 3 2 9 4 1 6 7 8 
9 7 8 6 3 2 5 4 1 
6 4 1 5 7 8 9 3 2 

105:
1 2 3 4 5 6 7 8 9 
4 5 6 7 8 9 1 2 3 
7 8 9 1 2 3 4 5 6 
2 1 4 3 6 5 8 9 7 
3 6 5 8 9 7 2 1 4 
8 9 7 2 1 4 3 6 5 
5 3 2 9 4 8 6 7 1 
6 4 1 5 7 2 9 3 8 
9 7 8 6 3 1 5 4 2 

106:
1 2 3 4 5 6 7 8 9 
4 5 6 7 8 9 1 2 3 
7 8 9 1 2 3 4 5 6 
2 1 4 3 6 5 8 9 7 
3 6 5 8 9 7 2 1 4 
8 9 7 2 1 4 3 6 5 
5 3 2 9 4 8 6 7 1 
6 4 8 5 7 1 9 3 2 
9 7 1 6 3 2 5 4 8 

107:
1 2 3 4 5 6 7 8 9 
4 5 6 7 8 9 1 2 3 
7 8 9 1 2 3 4 5 6 
2 1 4 3 6 5 8 9 7 
3 6 5 8 9 7 2 1 4 
8 9 7 2 1 4 3 6 5 
5 3 2 9 4 8 6 7 1 
6 7 1 5 3 2 9 4 8 
9 4 8 6 7 1 5 3 2 

108:
1 2 3 4 5 6 7 8 9 
4 5 6 7 8 9 1 2 3 
7 8 9 1 2 3 4 5 6 
2 1 4 3 6 5 8 9 7 
3 6 5 8 9 7 2 1 4 
8 9 7 2 1 4 3 6 5 
5 3 2 9 4 8 6 7 1 
6 7 8 5 3 1 9 4 2 
9 4 1 6 7 2 5 3 8 

109:
1 2 3 4 5 6 7 8 9 
4 5 6 7 8 9 1 2 3 
7 8 9 1 2 3 4 5 6 
2 1 4 3 6 5 8 9 7 
3 6 5 8 9 7 2 1 4 
8 9 7 2 1 4 3 6 5 
5 3 2 9 4 8 6 7 1 
9 4 1 6 7 2 5 3 8 
6 7 8 5 3 1 9 4 2 

110:
1 2 3 4 5 6 7 8 9 
4 5 6 7 8 9 1 2 3 
7 8 9 1 2 3 4 5 6 
2 1 4 3 6 5 8 9 7 
3 6 5 8 9 7 2 1 4 
8 9 7 2 1 4 3 6 5 
5 3 2 9 4 8 6 7 1 
9 4 8 6 7 1 5 3 2 
6 7 1 5 3 2 9 4 8 

111:
1 2 3 4 5 6 7 8 9 
4 5 6 7 8 9 1 2 3 
7 8 9 1 2 3 4 5 6 
2 1 4 3 6 5 8 9 7 
3 6 5 8 9 7 2 1 4 
8 9 7 2 1 4 3 6 5 
5 3 2 9 4 8 6 7 1 
9 7 1 6 3 2 5 4 8 
6 4 8 5 7 1 9 3 2 

112:
1 2 3 4 5 6 7 8 9 
4 5 6 7 8 9 1 2 3 
7 8 9 1 2 3 4 5 6 
2 1 4 3 6 5 8 9 7 
3 6 5 8 9 7 2 1 4 
8 9 7 2 1 4 3 6 5 
5 3 2 9 4 8 6 7 1 
9 7 8 6 3 1 5 4 2 
6 4 1 5 7 2 9 3 8 

113:
1 2 3 4 5 6 7 8 9 
4 5 6 7 8 9 1 2 3 
7 8 9 1 2 3 4 5 6 
2 1 4 3 6 5 8 9 7 
3 6 5 8 9 7 2 1 4 
8 9 7 2 1 4 3 6 5 
5 3 2 9 7 1 6 4 8 
6 4 1 5 3 8 9 7 2 
9 7 8 6 4 2 5 3 1 

114:
1 2 3 4 5 6 7 8 9 
4 5 6 7 8 9 1 2 3 
7 8 9 1 2 3 4 5 6 
2 1 4 3 6 5 8 9 7 
3 6 5 8 9 7 2 1 4 
8 9 7 2 1 4 3 6 5 
5 3 2 9 7 1 6 4 8 
6 4 8 5 3 2 9 7 1 
9 7 1 6 4 8 5 3 2 

115:
1 2 3 4 5 6 7 8 9 
4 5 6 7 8 9 1 2 3 
7 8 9 1 2 3 4 5 6 
2 1 4 3 6 5 8 9 7 
3 6 5 8 9 7 2 1 4 
8 9 7 2 1 4 3 6 5 
5 3 2 9 7 1 6 4 8 
6 7 1 5 4 8 9 3 2 
9 4 8 6 3 2 5 7 1 

116:
1 2 3 4 5 6 7 8 9 
4 5 6 7 8 9 1 2 3 
7 8 9 1 2 3 4 5 6 
2 1 4 3 6 5 8 9 7 
3 6 5 8 9 7 2 1 4 
8 9 7 2 1 4 3 6 5 
5 3 2 9 7 1 6 4 8 
6 7 8 5 4 2 9 3 1 
9 4 1 6 3 8 5 7 2 

117:
1 2 3 4 5 6 7 8 9 
4 5 6 7 8 9 1 2 3 
7 8 9 1 2 3 4 5 6 
2 1 4 3 6 5 8 9 7 
3 6 5 8 9 7 2 1 4 
8 9 7 2 1 4 3 6 5 
5 3 2 9 7 1 6 4 8 
9 4 1 6 3 8 5 7 2 
6 7 8 5 4 2 9 3 1 

118:
1 2 3 4 5 6 7 8 9 
4 5 6 7 8 9 1 2 3 
7 8 9 1 2 3 4 5 6 
2 1 4 3 6 5 8 9 7 
3 6 5 8 9 7 2 1 4 
8 9 7 2 1 4 3 6 5 
5 3 2 9 7 1 6 4 8 
9 4 8 6 3 2 5 7 1 
6 7 1 5 4 8 9 3 2 

119:
1 2 3 4 5 6 7 8 9 
4 5 6 7 8 9 1 2 3 
7 8 9 1 2 3 4 5 6 
2 1 4 3 6 5 8 9 7 
3 6 5 8 9 7 2 1 4 
8 9 7 2 1 4 3 6 5 
5 3 2 9 7 1 6 4 8 
9 7 1 6 4 8 5 3 2 
6 4 8 5 3 2 9 7 1 

120:
1 2 3 4 5 6 7 8 9 
4 5 6 7 8 9 1 2 3 
7 8 9 1 2 3 4 5 6 
2 1 4 3 6 5 8 9 7 
3 6 5 8 9 7 2 1 4 
8 9 7 2 1 4 3 6 5 
5 3 2 9 7 1 6 4 8 
9 7 8 6 4 2 5 3 1 
6 4 1 5 3 8 9 7 2 

121:
1 2 3 4 5 6 7 8 9 
4 5 6 7 8 9 1 2 3 
7 8 9 1 2 3 4 5 6 
2 1 4 3 6 5 8 9 7 
3 6 5 8 9 7 2 1 4 
8 9 7 2 1 4 3 6 5 
5 3 2 9 7 8 6 4 1 
6 4 1 5 3 2 9 7 8 
9 7 8 6 4 1 5 3 2 

122:
1 2 3 4 5 6 7 8 9 
4 5 6 7 8 9 1 2 3 
7 8 9 1 2 3 4 5 6 
2 1 4 3 6 5 8 9 7 
3 6 5 8 9 7 2 1 4 
8 9 7 2 1 4 3 6 5 
5 3 2 9 7 8 6 4 1 
6 4 8 5 3 1 9 7 2 
9 7 1 6 4 2 5 3 8 

123:
1 2 3 4 5 6 7 8 9 
4 5 6 7 8 9 1 2 3 
7 8 9 1 2 3 4 5 6 
2 1 4 3 6 5 8 9 7 
3 6 5 8 9 7 2 1 4 
8 9 7 2 1 4 3 6 5 
5 3 2 9 7 8 6 4 1 
6 7 1 5 4 2 9 3 8 
9 4 8 6 3 1 5 7 2 

124:
1 2 3 4 5 6 7 8 9 
4 5 6 7 8 9 1 2 3 
7 8 9 1 2 3 4 5 6 
2 1 4 3 6 5 8 9 7 
3 6 5 8 9 7 2 1 4 
8 9 7 2 1 4 3 6 5 
5 3 2 9 7 8 6 4 1 
6 7 8 5 4 1 9 3 2 
9 4 1 6 3 2 5 7 8 

125:
1 2 3 4 5 6 7 8 9 
4 5 6 7 8 9 1 2 3 
7 8 9 1 2 3 4 5 6 
2 1 4 3 6 5 8 9 7 
3 6 5 8 9 7 2 1 4 
8 9 7 2 1 4 3 6 5 
5 3 2 9 7 8 6 4 1 
9 4 1 6 3 2 5 7 8 
6 7 8 5 4 1 9 3 2 

126:
1 2 3 4 5 6 7 8 9 
4 5 6 7 8 9 1 2 3 
7 8 9 1 2 3 4 5 6 
2 1 4 3 6 5 8 9 7 
3 6 5 8 9 7 2 1 4 
8 9 7 2 1 4 3 6 5 
5 3 2 9 7 8 6 4 1 
9 4 8 6 3 1 5 7 2 
6 7 1 5 4 2 9 3 8 

127:
1 2 3 4 5 6 7 8 9 
4 5 6 7 8 9 1 2 3 
7 8 9 1 2 3 4 5 6 
2 1 4 3 6 5 8 9 7 
3 6 5 8 9 7 2 1 4 
8 9 7 2 1 4 3 6 5 
5 3 2 9 7 8 6 4 1 
9 7 1 6 4 2 5 3 8 
6 4 8 5 3 1 9 7 2 

128:
1 2 3 4 5 6 7 8 9 
4 5 6 7 8 9 1 2 3 
7 8 9 1 2 3 4 5 6 
2 1 4 3 6 5 8 9 7 
3 6 5 8 9 7 2 1 4 
8 9 7 2 1 4 3 6 5 
5 3 2 9 7 8 6 4 1 
9 7 8 6 4 1 5 3 2 
6 4 1 5 3 2 9 7 8 

129:
1 2 3 4 5 6 7 8 9 
4 5 6 7 8 9 1 2 3 
7 8 9 1 2 3 4 5 6 
2 1 4 3 6 5 8 9 7 
3 6 5 8 9 7 2 1 4 
8 9 7 2 1 4 3 6 5 
5 3 8 6 4 1 9 7 2 
6 4 1 9 7 2 5 3 8 
9 7 2 5 3 8 6 4 1 

130:
1 2 3 4 5 6 7 8 9 
4 5 6 7 8 9 1 2 3 
7 8 9 1 2 3 4 5 6 
2 1 4 3 6 5 8 9 7 
3 6 5 8 9 7 2 1 4 
8 9 7 2 1 4 3 6 5 
5 3 8 6 4 1 9 7 2 
6 4 2 9 7 8 5 3 1 
9 7 1 5 3 2 6 4 8 

131:
1 2 3 4 5 6 7 8 9 
4 5 6 7 8 9 1 2 3 
7 8 9 1 2 3 4 5 6 
2 1 4 3 6 5 8 9 7 
3 6 5 8 9 7 2 1 4 
8 9 7 2 1 4 3 6 5 
5 3 8 6 4 1 9 7 2 
6 7 1 9 3 2 5 4 8 
9 4 2 5 7 8 6 3 1 

132:
1 2 3 4 5 6 7 8 9 
4 5 6 7 8 9 1 2 3 
7 8 9 1 2 3 4 5 6 
2 1 4 3 6 5 8 9 7 
3 6 5 8 9 7 2 1 4 
8 9 7 2 1 4 3 6 5 
5 3 8 6 4 1 9 7 2 
6 7 2 9 3 8 5 4 1 
9 4 1 5 7 2 6 3 8 

133:
1 2 3 4 5 6 7 8 9 
4 5 6 7 8 9 1 2 3 
7 8 9 1 2 3 4 5 6 
2 1 4 3 6 5 8 9 7 
3 6 5 8 9 7 2 1 4 
8 9 7 2 1 4 3 6 5 
5 3 8 6 4 1 9 7 2 
9 4 1 5 7 2 6 3 8 
6 7 2 9 3 8 5 4 1 

134:
1 2 3 4 5 6 7 8 9 
4 5 6 7 8 9 1 2 3 
7 8 9 1 2 3 4 5 6 
2 1 4 3 6 5 8 9 7 
3 6 5 8 9 7 2 1 4 
8 9 7 2 1 4 3 6 5 
5 3 8 6 4 1 9 7 2 
9 4 2 5 7 8 6 3 1 
6 7 1 9 3 2 5 4 8 

135:
1 2 3 4 5 6 7 8 9 
4 5 6 7 8 9 1 2 3 
7 8 9 1 2 3 4 5 6 
2 1 4 3 6 5 8 9 7 
3 6 5 8 9 7 2 1 4 
8 9 7 2 1 4 3 6 5 
5 3 8 6 4 1 9 7 2 
9 7 1 5 3 2 6 4 8 
6 4 2 9 7 8 5 3 1 

136:
1 2 3 4 5 6 7 8 9 
4 5 6 7 8 9 1 2 3 
7 8 9 1 2 3 4 5 6 
2 1 4 3 6 5 8 9 7 
3 6 5 8 9 7 2 1 4 
8 9 7 2 1 4 3 6 5 
5 3 8 6 4 1 9 7 2 
9 7 2 5 3 8 6 4 1 
6 4 1 9 7 2 5 3 8 

137:
1 2 3 4 5 6 7 8 9 
4 5 6 7 8 9 1 2 3 
7 8 9 1 2 3 4 5 6 
2 1 4 3 6 5 8 9 7 
3 6 5 8 9 7 2 1 4 
8 9 7 2 1 4 3 6 5 
5 3 8 6 4 2 9 7 1 
6 4 1 9 7 8 5 3 2 
9 7 2 5 3 1 6 4 8 

138:
1 2 3 4 5 6 7 8 9 
4 5 6 7 8 9 1 2 3 
7 8 9 1 2 3 4 5 6 
2 1 4 3 6 5 8 9 7 
3 6 5 8 9 7 2 1 4 
8 9 7 2 1 4 3 6 5 
5 3 8 6 4 2 9 7 1 
6 4 2 9 7 1 5 3 8 
9 7 1 5 3 8 6 4 2 

139:
1 2 3 4 5 6 7 8 9 
4 5 6 7 8 9 1 2 3 
7 8 9 1 2 3 4 5 6 
2 1 4 3 6 5 8 9 7 
3 6 5 8 9 7 2 1 4 
8 9 7 2 1 4 3 6 5 
5 3 8 6 4 2 9 7 1 
6 7 1 9 3 8 5 4 2 
9 4 2 5 7 1 6 3 8 

140:
1 2 3 4 5 6 7 8 9 
4 5 6 7 8 9 1 2 3 
7 8 9 1 2 3 4 5 6 
2 1 4 3 6 5 8 9 7 
3 6 5 8 9 7 2 1 4 
8 9 7 2 1 4 3 6 5 
5 3 8 6 4 2 9 7 1 
6 7 2 9 3 1 5 4 8 
9 4 1 5 7 8 6 3 2 

141:
1 2 3 4 5 6 7 8 9 
4 5 6 7 8 9 1 2 3 
7 8 9 1 2 3 4 5 6 
2 1 4 3 6 5 8 9 7 
3 6 5 8 9 7 2 1 4 
8 9 7 2 1 4 3 6 5 
5 3 8 6 4 2 9 7 1 
9 4 1 5 7 8 6 3 2 
6 7 2 9 3 1 5 4 8 

142:
1 2 3 4 5 6 7 8 9 
4 5 6 7 8 9 1 2 3 
7 8 9 1 2 3 4 5 6 
2 1 4 3 6 5 8 9 7 
3 6 5 8 9 7 2 1 4 
8 9 7 2 1 4 3 6 5 
5 3 8 6 4 2 9 7 1 
9 4 2 5 7 1 6 3 8 
6 7 1 9 3 8 5 4 2 

143:
1 2 3 4 5 6 7 8 9 
4 5 6 7 8 9 1 2 3 
7 8 9 1 2 3 4 5 6 
2 1 4 3 6 5 8 9 7 
3 6 5 8 9 7 2 1 4 
8 9 7 2 1 4 3 6 5 
5 3 8 6 4 2 9 7 1 
9 7 1 5 3 8 6 4 2 
6 4 2 9 7 1 5 3 8 

144:
1 2 3 4 5 6 7 8 9 
4 5 6 7 8 9 1 2 3 
7 8 9 1 2 3 4 5 6 
2 1 4 3 6 5 8 9 7 
3 6 5 8 9 7 2 1 4 
8 9 7 2 1 4 3 6 5 
5 3 8 6 4 2 9 7 1 
9 7 2 5 3 1 6 4 8 
6 4 1 9 7 8 5 3 2 

145:
1 2 3 4 5 6 7 8 9 
4 5 6 7 8 9 1 2 3 
7 8 9 1 2 3 4 5 6 
2 1 4 3 6 5 8 9 7 
3 6 5 8 9 7 2 1 4 
8 9 7 2 1 4 3 6 5 
5 3 8 6 7 1 9 4 2 
6 4 1 9 3 2 5 7 8 
9 7 2 5 4 8 6 3 1 

146:
1 2 3 4 5 6 7 8 9 
4 5 6 7 8 9 1 2 3 
7 8 9 1 2 3 4 5 6 
2 1 4 3 6 5 8 9 7 
3 6 5 8 9 7 2 1 4 
8 9 7 2 1 4 3 6 5 
5 3 8 6 7 1 9 4 2 
6 4 2 9 3 8 5 7 1 
9 7 1 5 4 2 6 3 8 

147:
1 2 3 4 5 6 7 8 9 
4 5 6 7 8 9 1 2 3 
7 8 9 1 2 3 4 5 6 
2 1 4 3 6 5 8 9 7 
3 6 5 8 9 7 2 1 4 
8 9 7 2 1 4 3 6 5 
5 3 8 6 7 1 9 4 2 
6 7 1 9 4 2 5 3 8 
9 4 2 5 3 8 6 7 1 

148:
1 2 3 4 5 6 7 8 9 
4 5 6 7 8 9 1 2 3 
7 8 9 1 2 3 4 5 6 
2 1 4 3 6 5 8 9 7 
3 6 5 8 9 7 2 1 4 
8 9 7 2 1 4 3 6 5 
5 3 8 6 7 1 9 4 2 
6 7 2 9 4 8 5 3 1 
9 4 1 5 3 2 6 7 8 

149:
1 2 3 4 5 6 7 8 9 
4 5 6 7 8 9 1 2 3 
7 8 9 1 2 3 4 5 6 
2 1 4 3 6 5 8 9 7 
3 6 5 8 9 7 2 1 4 
8 9 7 2 1 4 3 6 5 
5 3 8 6 7 1 9 4 2 
9 4 1 5 3 2 6 7 8 
6 7 2 9 4 8 5 3 1 

150:
1 2 3 4 5 6 7 8 9 
4 5 6 7 8 9 1 2 3 
7 8 9 1 2 3 4 5 6 
2 1 4 3 6 5 8 9 7 
3 6 5 8 9 7 2 1 4 
8 9 7 2 1 4 3 6 5 
5 3 8 6 7 1 9 4 2 
9 4 2 5 3 8 6 7 1 
6 7 1 9 4 2 5 3 8 

151:
1 2 3 4 5 6 7 8 9 
4 5 6 7 8 9 1 2 3 
7 8 9 1 2 3 4 5 6 
2 1 4 3 6 5 8 9 7 
3 6 5 8 9 7 2 1 4 
8 9 7 2 1 4 3 6 5 
5 3 8 6 7 1 9 4 2 
9 7 1 5 4 2 6 3 8 
6 4 2 9 3 8 5 7 1 

152:
1 2 3 4 5 6 7 8 9 
4 5 6 7 8 9 1 2 3 
7 8 9 1 2 3 4 5 6 
2 1 4 3 6 5 8 9 7 
3 6 5 8 9 7 2 1 4 
8 9 7 2 1 4 3 6 5 
5 3 8 6 7 1 9 4 2 
9 7 2 5 4 8 6 3 1 
6 4 1 9 3 2 5 7 8 

153:
1 2 3 4 5 6 7 8 9 
4 5 6 7 8 9 1 2 3 
7 8 9 1 2 3 4 5 6 
2 1 4 3 6 5 8 9 7 
3 6 5 8 9 7 2 1 4 
8 9 7 2 1 4 3 6 5 
5 3 8 6 7 2 9 4 1 
6 4 1 9 3 8 5 7 2 
9 7 2 5 4 1 6 3 8 

154:
1 2 3 4 5 6 7 8 9 
4 5 6 7 8 9 1 2 3 
7 8 9 1 2 3 4 5 6 
2 1 4 3 6 5 8 9 7 
3 6 5 8 9 7 2 1 4 
8 9 7 2 1 4 3 6 5 
5 3 8 6 7 2 9 4 1 
6 4 2 9 3 1 5 7 8 
9 7 1 5 4 8 6 3 2 

155:
1 2 3 4 5 6 7 8 9 
4 5 6 7 8 9 1 2 3 
7 8 9 1 2 3 4 5 6 
2 1 4 3 6 5 8 9 7 
3 6 5 8 9 7 2 1 4 
8 9 7 2 1 4 3 6 5 
5 3 8 6 7 2 9 4 1 
6 7 1 9 4 8 5 3 2 
9 4 2 5 3 1 6 7 8 

156:
1 2 3 4 5 6 7 8 9 
4 5 6 7 8 9 1 2 3 
7 8 9 1 2 3 4 5 6 
2 1 4 3 6 5 8 9 7 
3 6 5 8 9 7 2 1 4 
8 9 7 2 1 4 3 6 5 
5 3 8 6 7 2 9 4 1 
6 7 2 9 4 1 5 3 8 
9 4 1 5 3 8 6 7 2 

157:
1 2 3 4 5 6 7 8 9 
4 5 6 7 8 9 1 2 3 
7 8 9 1 2 3 4 5 6 
2 1 4 3 6 5 8 9 7 
3 6 5 8 9 7 2 1 4 
8 9 7 2 1 4 3 6 5 
5 3 8 6 7 2 9 4 1 
9 4 1 5 3 8 6 7 2 
6 7 2 9 4 1 5 3 8 

158:
1 2 3 4 5 6 7 8 9 
4 5 6 7 8 9 1 2 3 
7 8 9 1 2 3 4 5 6 
2 1 4 3 6 5 8 9 7 
3 6 5 8 9 7 2 1 4 
8 9 7 2 1 4 3 6 5 
5 3 8 6 7 2 9 4 1 
9 4 2 5 3 1 6 7 8 
6 7 1 9 4 8 5 3 2 

159:
1 2 3 4 5 6 7 8 9 
4 5 6 7 8 9 1 2 3 
7 8 9 1 2 3 4 5 6 
2 1 4 3 6 5 8 9 7 
3 6 5 8 9 7 2 1 4 
8 9 7 2 1 4 3 6 5 
5 3 8 6 7 2 9 4 1 
9 7 1 5 4 8 6 3 2 
6 4 2 9 3 1 5 7 8 

160:
1 2 3 4 5 6 7 8 9 
4 5 6 7 8 9 1 2 3 
7 8 9 1 2 3 4 5 6 
2 1 4 3 6 5 8 9 7 
3 6 5 8 9 7 2 1 4 
8 9 7 2 1 4 3 6 5 
5 3 8 6 7 2 9 4 1 
9 7 2 5 4 1 6 3 8 
6 4 1 9 3 8 5 7 2 

161:
1 2 3 4 5 6 7 8 9 
4 5 6 7 8 9 1 2 3 
7 8 9 1 2 3 4 5 6 
2 1 4 3 6 5 8 9 7 
3 6 5 8 9 7 2 1 4 
8 9 7 2 1 4 3 6 5 
5 3 8 9 4 1 6 7 2 
6 4 1 5 7 2 9 3 8 
9 7 2 6 3 8 5 4 1 

162:
1 2 3 4 5 6 7 8 9 
4 5 6 7 8 9 1 2 3 
7 8 9 1 2 3 4 5 6 
2 1 4 3 6 5 8 9 7 
3 6 5 8 9 7 2 1 4 
8 9 7 2 1 4 3 6 5 
5 3 8 9 4 1 6 7 2 
6 4 2 5 7 8 9 3 1 
9 7 1 6 3 2 5 4 8 

163:
1 2 3 4 5 6 7 8 9 
4 5 6 7 8 9 1 2 3 
7 8 9 1 2 3 4 5 6 
2 1 4 3 6 5 8 9 7 
3 6 5 8 9 7 2 1 4 
8 9 7 2 1 4 3 6 5 
5 3 8 9 4 1 6 7 2 
6 7 1 5 3 2 9 4 8 
9 4 2 6 7 8 5 3 1 

164:
1 2 3 4 5 6 7 8 9 
4 5 6 7 8 9 1 2 3 
7 8 9 1 2 3 4 5 6 
2 1 4 3 6 5 8 9 7 
3 6 5 8 9 7 2 1 4 
8 9 7 2 1 4 3 6 5 
5 3 8 9 4 1 6 7 2 
6 7 2 5 3 8 9 4 1 
9 4 1 6 7 2 5 3 8 

165:
1 2 3 4 5 6 7 8 9 
4 5 6 7 8 9 1 2 3 
7 8 9 1 2 3 4 5 6 
2 1 4 3 6 5 8 9 7 
3 6 5 8 9 7 2 1 4 
8 9 7 2 1 4 3 6 5 
5 3 8 9 4 1 6 7 2 
9 4 1 6 7 2 5 3 8 
6 7 2 5 3 8 9 4 1 

166:
1 2 3 4 5 6 7 8 9 
4 5 6 7 8 9 1 2 3 
7 8 9 1 2 3 4 5 6 
2 1 4 3 6 5 8 9 7 
3 6 5 8 9 7 2 1 4 
8 9 7 2 1 4 3 6 5 
5 3 8 9 4 1 6 7 2 
9 4 2 6 7 8 5 3 1 
6 7 1 5 3 2 9 4 8 

167:
1 2 3 4 5 6 7 8 9 
4 5 6 7 8 9 1 2 3 
7 8 9 1 2 3 4 5 6 
2 1 4 3 6 5 8 9 7 
3 6 5 8 9 7 2 1 4 
8 9 7 2 1 4 3 6 5 
5 3 8 9 4 1 6 7 2 
9 7 1 6 3 2 5 4 8 
6 4 2 5 7 8 9 3 1 

168:
1 2 3 4 5 6 7 8 9 
4 5 6 7 8 9 1 2 3 
7 8 9 1 2 3 4 5 6 
2 1 4 3 6 5 8 9 7 
3 6 5 8 9 7 2 1 4 
8 9 7 2 1 4 3 6 5 
5 3 8 9 4 1 6 7 2 
9 7 2 6 3 8 5 4 1 
6 4 1 5 7 2 9 3 8 

169:
1 2 3 4 5 6 7 8 9 
4 5 6 7 8 9 1 2 3 
7 8 9 1 2 3 4 5 6 
2 1 4 3 6 5 8 9 7 
3 6 5 8 9 7 2 1 4 
8 9 7 2 1 4 3 6 5 
5 3 8 9 4 2 6 7 1 
6 4 1 5 7 8 9 3 2 
9 7 2 6 3 1 5 4 8 

170:
1 2 3 4 5 6 7 8 9 
4 5 6 7 8 9 1 2 3 
7 8 9 1 2 3 4 5 6 
2 1 4 3 6 5 8 9 7 
3 6 5 8 9 7 2 1 4 
8 9 7 2 1 4 3 6 5 
5 3 8 9 4 2 6 7 1 
6 4 2 5 7 1 9 3 8 
9 7 1 6 3 8 5 4 2 

171:
1 2 3 4 5 6 7 8 9 
4 5 6 7 8 9 1 2 3 
7 8 9 1 2 3 4 5 6 
2 1 4 3 6 5 8 9 7 
3 6 5 8 9 7 2 1 4 
8 9 7 2 1 4 3 6 5 
5 3 8 9 4 2 6 7 1 
6 7 1 5 3 8 9 4 2 
9 4 2 6 7 1 5 3 8 

172:
1 2 3 4 5 6 7 8 9 
4 5 6 7 8 9 1 2 3 
7 8 9 1 2 3 4 5 6 
2 1 4 3 6 5 8 9 7 
3 6 5 8 9 7 2 1 4 
8 9 7 2 1 4 3 6 5 
5 3 8 9 4 2 6 7 1 
6 7 2 5 3 1 9 4 8 
9 4 1 6 7 8 5 3 2 

173:
1 2 3 4 5 6 7 8 9 
4 5 6 7 8 9 1 2 3 
7 8 9 1 2 3 4 5 6 
2 1 4 3 6 5 8 9 7 
3 6 5 8 9 7 2 1 4 
8 9 7 2 1 4 3 6 5 
5 3 8 9 4 2 6 7 1 
9 4 1 6 7 8 5 3 2 
6 7 2 5 3 1 9 4 8 

174:
1 2 3 4 5 6 7 8 9 
4 5 6 7 8 9 1 2 3 
7 8 9 1 2 3 4 5 6 
2 1 4 3 6 5 8 9 7 
3 6 5 8 9 7 2 1 4 
8 9 7 2 1 4 3 6 5 
5 3 8 9 4 2 6 7 1 
9 4 2 6 7 1 5 3 8 
6 7 1 5 3 8 9 4 2 

175:
1 2 3 4 5 6 7 8 9 
4 5 6 7 8 9 1 2 3 
7 8 9 1 2 3 4 5 6 
2 1 4 3 6 5 8 9 7 
3 6 5 8 9 7 2 1 4 
8 9 7 2 1 4 3 6 5 
5 3 8 9 4 2 6 7 1 
9 7 1 6 3 8 5 4 2 
6 4 2 5 7 1 9 3 8 

176:
1 2 3 4 5 6 7 8 9 
4 5 6 7 8 9 1 2 3 
7 8 9 1 2 3 4 5 6 
2 1 4 3 6 5 8 9 7 
3 6 5 8 9 7 2 1 4 
8 9 7 2 1 4 3 6 5 
5 3 8 9 4 2 6 7 1 
9 7 2 6 3 1 5 4 8 
6 4 1 5 7 8 9 3 2 

177:
1 2 3 4 5 6 7 8 9 
4 5 6 7 8 9 1 2 3 
7 8 9 1 2 3 4 5 6 
2 1 4 3 6 5 8 9 7 
3 6 5 8 9 7 2 1 4 
8 9 7 2 1 4 3 6 5 
5 3 8 9 7 1 6 4 2 
6 4 1 5 3 2 9 7 8 
9 7 2 6 4 8 5 3 1 

178:
1 2 3 4 5 6 7 8 9 
4 5 6 7 8 9 1 2 3 
7 8 9 1 2 3 4 5 6 
2 1 4 3 6 5 8 9 7 
3 6 5 8 9 7 2 1 4 
8 9 7 2 1 4 3 6 5 
5 3 8 9 7 1 6 4 2 
6 4 2 5 3 8 9 7 1 
9 7 1 6 4 2 5 3 8 

179:
1 2 3 4 5 6 7 8 9 
4 5 6 7 8 9 1 2 3 
7 8 9 1 2 3 4 5 6 
2 1 4 3 6 5 8 9 7 
3 6 5 8 9 7 2 1 4 
8 9 7 2 1 4 3 6 5 
5 3 8 9 7 1 6 4 2 
6 7 1 5 4 2 9 3 8 
9 4 2 6 3 8 5 7 1 

180:
1 2 3 4 5 6 7 8 9 
4 5 6 7 8 9 1 2 3 
7 8 9 1 2 3 4 5 6 
2 1 4 3 6 5 8 9 7 
3 6 5 8 9 7 2 1 4 
8 9 7 2 1 4 3 6 5 
5 3 8 9 7 1 6 4 2 
6 7 2 5 4 8 9 3 1 
9 4 1 6 3 2 5 7 8 

181:
1 2 3 4 5 6 7 8 9 
4 5 6 7 8 9 1 2 3 
7 8 9 1 2 3 4 5 6 
2 1 4 3 6 5 8 9 7 
3 6 5 8 9 7 2 1 4 
8 9 7 2 1 4 3 6 5 
5 3 8 9 7 1 6 4 2 
9 4 1 6 3 2 5 7 8 
6 7 2 5 4 8 9 3 1 

182:
1 2 3 4 5 6 7 8 9 
4 5 6 7 8 9 1 2 3 
7 8 9 1 2 3 4 5 6 
2 1 4 3 6 5 8 9 7 
3 6 5 8 9 7 2 1 4 
8 9 7 2 1 4 3 6 5 
5 3 8 9 7 1 6 4 2 
9 4 2 6 3 8 5 7 1 
6 7 1 5 4 2 9 3 8 

183:
1 2 3 4 5 6 7 8 9 
4 5 6 7 8 9 1 2 3 
7 8 9 1 2 3 4 5 6 
2 1 4 3 6 5 8 9 7 
3 6 5 8 9 7 2 1 4 
8 9 7 2 1 4 3 6 5 
5 3 8 9 7 1 6 4 2 
9 7 1 6 4 2 5 3 8 
6 4 2 5 3 8 9 7 1 

184:
1 2 3 4 5 6 7 8 9 
4 5 6 7 8 9 1 2 3 
7 8 9 1 2 3 4 5 6 
2 1 4 3 6 5 8 9 7 
3 6 5 8 9 7 2 1 4 
8 9 7 2 1 4 3 6 5 
5 3 8 9 7 1 6 4 2 
9 7 2 6 4 8 5 3 1 
6 4 1 5 3 2 9 7 8 

185:
1 2 3 4 5 6 7 8 9 
4 5 6 7 8 9 1 2 3 
7 8 9 1 2 3 4 5 6 
2 1 4 3 6 5 8 9 7 
3 6 5 8 9 7 2 1 4 
8 9 7 2 1 4 3 6 5 
5 3 8 9 7 2 6 4 1 
6 4 1 5 3 8 9 7 2 
9 7 2 6 4 1 5 3 8 

186:
1 2 3 4 5 6 7 8 9 
4 5 6 7 8 9 1 2 3 
7 8 9 1 2 3 4 5 6 
2 1 4 3 6 5 8 9 7 
3 6 5 8 9 7 2 1 4 
8 9 7 2 1 4 3 6 5 
5 3 8 9 7 2 6 4 1 
6 4 2 5 3 1 9 7 8 
9 7 1 6 4 8 5 3 2 

187:
1 2 3 4 5 6 7 8 9 
4 5 6 7 8 9 1 2 3 
7 8 9 1 2 3 4 5 6 
2 1 4 3 6 5 8 9 7 
3 6 5 8 9 7 2 1 4 
8 9 7 2 1 4 3 6 5 
5 3 8 9 7 2 6 4 1 
6 7 1 5 4 8 9 3 2 
9 4 2 6 3 1 5 7 8 

188:
1 2 3 4 5 6 7 8 9 
4 5 6 7 8 9 1 2 3 
7 8 9 1 2 3 4 5 6 
2 1 4 3 6 5 8 9 7 
3 6 5 8 9 7 2 1 4 
8 9 7 2 1 4 3 6 5 
5 3 8 9 7 2 6 4 1 
6 7 2 5 4 1 9 3 8 
9 4 1 6 3 8 5 7 2 

189:
1 2 3 4 5 6 7 8 9 
4 5 6 7 8 9 1 2 3 
7 8 9 1 2 3 4 5 6 
2 1 4 3 6 5 8 9 7 
3 6 5 8 9 7 2 1 4 
8 9 7 2 1 4 3 6 5 
5 3 8 9 7 2 6 4 1 
9 4 1 6 3 8 5 7 2 
6 7 2 5 4 1 9 3 8 

190:
1 2 3 4 5 6 7 8 9 
4 5 6 7 8 9 1 2 3 
7 8 9 1 2 3 4 5 6 
2 1 4 3 6 5 8 9 7 
3 6 5 8 9 7 2 1 4 
8 9 7 2 1 4 3 6 5 
5 3 8 9 7 2 6 4 1 
9 4 2 6 3 1 5 7 8 
6 7 1 5 4 8 9 3 2 

191:
1 2 3 4 5 6 7 8 9 
4 5 6 7 8 9 1 2 3 
7 8 9 1 2 3 4 5 6 
2 1 4 3 6 5 8 9 7 
3 6 5 8 9 7 2 1 4 
8 9 7 2 1 4 3 6 5 
5 3 8 9 7 2 6 4 1 
9 7 1 6 4 8 5 3 2 
6 4 2 5 3 1 9 7 8 

192:
1 2 3 4 5 6 7 8 9 
4 5 6 7 8 9 1 2 3 
7 8 9 1 2 3 4 5 6 
2 1 4 3 6 5 8 9 7 
3 6 5 8 9 7 2 1 4 
8 9 7 2 1 4 3 6 5 
5 3 8 9 7 2 6 4 1 
9 7 2 6 4 1 5 3 8 
6 4 1 5 3 8 9 7 2 

193:
1 2 3 4 5 6 7 8 9 
4 5 6 7 8 9 1 2 3 
7 8 9 1 2 3 4 5 6 
2 1 4 3 6 5 8 9 7 
3 6 5 8 9 7 2 1 4 
8 9 7 2 1 4 3 6 5 
5 4 1 6 3 2 9 7 8 
6 3 2 9 7 8 5 4 1 
9 7 8 5 4 1 6 3 2 

194:
1 2 3 4 5 6 7 8 9 
4 5 6 7 8 9 1 2 3 
7 8 9 1 2 3 4 5 6 
2 1 4 3 6 5 8 9 7 
3 6 5 8 9 7 2 1 4 
8 9 7 2 1 4 3 6 5 
5 4 1 6 3 2 9 7 8 
6 3 8 9 7 1 5 4 2 
9 7 2 5 4 8 6 3 1 

195:
1 2 3 4 5 6 7 8 9 
4 5 6 7 8 9 1 2 3 
7 8 9 1 2 3 4 5 6 
2 1 4 3 6 5 8 9 7 
3 6 5 8 9 7 2 1 4 
8 9 7 2 1 4 3 6 5 
5 4 1 6 3 2 9 7 8 
6 7 2 9 4 8 5 3 1 
9 3 8 5 7 1 6 4 2 

196:
1 2 3 4 5 6 7 8 9 
4 5 6 7 8 9 1 2 3 
7 8 9 1 2 3 4 5 6 
2 1 4 3 6 5 8 9 7 
3 6 5 8 9 7 2 1 4 
8 9 7 2 1 4 3 6 5 
5 4 1 6 3 2 9 7 8 
6 7 8 9 4 1 5 3 2 
9 3 2 5 7 8 6 4 1 

197:
1 2 3 4 5 6 7 8 9 
4 5 6 7 8 9 1 2 3 
7 8 9 1 2 3 4 5 6 
2 1 4 3 6 5 8 9 7 
3 6 5 8 9 7 2 1 4 
8 9 7 2 1 4 3 6 5 
5 4 1 6 3 2 9 7 8 
9 3 2 5 7 8 6 4 1 
6 7 8 9 4 1 5 3 2 

198:
1 2 3 4 5 6 7 8 9 
4 5 6 7 8 9 1 2 3 
7 8 9 1 2 3 4 5 6 
2 1 4 3 6 5 8 9 7 
3 6 5 8 9 7 2 1 4 
8 9 7 2 1 4 3 6 5 
5 4 1 6 3 2 9 7 8 
9 3 8 5 7 1 6 4 2 
6 7 2 9 4 8 5 3 1 

199:
1 2 3 4 5 6 7 8 9 
4 5 6 7 8 9 1 2 3 
7 8 9 1 2 3 4 5 6 
2 1 4 3 6 5 8 9 7 
3 6 5 8 9 7 2 1 4 
8 9 7 2 1 4 3 6 5 
5 4 1 6 3 2 9 7 8 
9 7 2 5 4 8 6 3 1 
6 3 8 9 7 1 5 4 2 

200:
1 2 3 4 5 6 7 8 9 
4 5 6 7 8 9 1 2 3 
7 8 9 1 2 3 4 5 6 
2 1 4 3 6 5 8 9 7 
3 6 5 8 9 7 2 1 4 
8 9 7 2 1 4 3 6 5 
5 4 1 6 3 2 9 7 8 
9 7 8 5 4 1 6 3 2 
6 3 2 9 7 8 5 4 1 

1:
5 7 8 1 2 6 4 3 9 
4 3 2 5 9 8 6 1 7 
9 1 6 7 4 3 2 8 5 
3 5 4 2 6 9 8 7 1 
8 2 9 4 7 1 3 5 6 
1 6 7 3 8 5 9 4 2 
6 8 5 9 3 7 1 2 4 
7 4 3 6 1 2 5 9 8 
2 9 1 8 5 4 7 6 3 

1:
5 7 8 1 2 6 4 3 9 
4 3 2 5 9 8 6 1 7 
9 1 6 7 4 3 2 8 5 
3 5 4 2 6 9 8 7 1 
8 2 9 4 7 1 3 5 6 
1 6 7 3 8 5 9 4 2 
6 8 5 9 3 7 1 2 4 
7 4 3 6 1 2 5 9 8 
2 9 1 8 5 4 7 6 3 

1:
5 7 8 1 2 6 4 3 9 
4 3 2 5 9 8 6 1 7 
9 1 6 7 4 3 2 8 5 
3 5 4 2 6 9 8 7 1 
8 2 9 4 7 1 3 5 6 
1 6 7 3 8 5 9 4 2 
6 8 5 9 3 7 1 2 4 
7 4 3 6 1 2 5 9 8 
2 9 1 8 5 4 7 6 3 

