201
1 2 3 4 5 6 7 8 9 
4 5 6 7 8 9 1 2 3 
7 8 9 1 2 3 4 5 6 
2 1 4 3 6 5 8 9 7 
3 6 5 8 9 7 2 1 4 
8 9 7 2 1 4 3 6 5 
5 4 1 6 3 2 9 7 8 
9 7 8 5 4 1 6 3 2 
6 3 2 9 7 8 5 4 1 
81
0 1 1 9 1 2 3 4 5 6 7 8 9
1 1 2 8 2 3 4 5 6 7 8 9
2 1 3 7 3 4 5 6 7 8 9
3 1 4 6 4 5 6 7 8 9
4 1 5 5 5 6 7 8 9
5 1 6 4 6 7 8 9
6 1 7 3 7 8 9
7 1 8 2 8 9
8 1 9 1 9
9 1 10 6 4 5 6 7 8 9
10 1 11 5 5 6 7 8 9
11 1 12 4 6 7 8 9
12 4 13 6 1 2 3 7 8 9
13 4 14 5 1 2 3 8 9
14 4 15 4 1 2 3 9
15 1 16 3 1 2 3
16 1 17 2 2 3
17 1 18 1 3
18 1 19 3 7 8 9
19 1 20 2 8 9
20 1 21 1 9
21 1 22 3 1 2 3
22 1 23 2 2 3
23 1 24 1 3
24 1 25 3 4 5 6
25 1 26 2 5 6
26 1 27 1 6
27 1 28 6 2 3 5 6 8 9
28 1 29 6 1 3 4 6 7 9
29 1 30 4 4 5 7 8
30 1 31 5 3 5 6 8 9
31 1 32 3 6 7 9
32 1 33 3 5 7 8
33 1 34 2 8 9
34 2 35 2 7 9
35 1 36 1 7
36 1 37 5 3 5 6 8 9
37 1 38 3 6 7 9
38 1 39 3 5 7 8
39 2 40 3 2 8 9
40 4 41 4 1 4 7 9
41 4 42 4 1 2 4 7
42 1 43 1 2
43 1 44 2 1 4
44 1 45 1 4
45 1 46 2 8 9
46 2 47 2 7 9
47 1 48 1 7
48 1 49 1 2
49 1 50 2 1 4
50 1 51 1 4
51 1 52 3 3 5 6
52 1 53 1 6
53 1 54 1 5
54 1 55 3 5 6 9
55 2 56 3 3 4 7
56 1 57 3 1 2 8
57 1 58 2 6 9
58 1 59 2 3 7
59 1 60 2 2 8
60 1 61 1 9
61 1 62 1 7
62 1 63 1 8
63 2 64 2 6 9
64 2 65 2 3 7
65 2 66 2 2 8
66 1 67 1 5
67 1 68 1 4
68 1 69 1 1
69 1 70 1 6
70 1 71 1 3
71 1 72 1 2
72 1 73 1 6
73 1 74 1 3
74 1 75 1 2
75 1 76 1 9
76 1 77 1 7
77 1 78 1 8
78 1 79 1 5
79 1 80 1 4
80 1 81 1 1

